{
 "_meta": {
  "description": "Golden fixtures for structural_fevd (FEVD for a general structural impact A0 = P Q; the gap tsecon-var::fevd, recursive-Cholesky only, leaves). Cholesky case cross-checked against statsmodels VARResults.fevd; general-A0 case pinned by exact algebraic invariants.",
  "references": {
   "reduced_form": "statsmodels VAR(data).fit(2, 'c'); sigma_u df-adjusted (SSE/(nobs-(1+n*p)), matching tsecon VarResults.sigma_u)",
   "orth_ma": "Theta_s = Psi_s P, Psi_s = res.ma_rep, P = numpy.linalg.cholesky",
   "fevd_chol": "statsmodels VARResults.fevd(periods).decomp (independent), verified == the NumPy running-sum FEVD to < 1e-12",
   "fevd_general": "NumPy running-sum FEVD of Theta_s = Psi_s (P Q); Q Haar orthogonal (Stewart/Mezzadri sign fix); pinned by row-sum + rotation-invariant-denominator + sign-flip invariants"
  },
  "numpy": "2.5.1",
  "scipy": "1.18.0",
  "statsmodels": "0.14.6",
  "seed": 20260722
 },
 "n": 3,
 "lags": 2,
 "horizon": 10,
 "data": [
  [
   0.6180482136512995,
   -0.4792090968169781,
   -0.5624439932544936
  ],
  [
   -1.8269554106399712,
   -0.5008490484078477,
   1.0806096079356458
  ],
  [
   -0.1339503819070743,
   -0.4148632075089512,
   1.5816034386236506
  ],
  [
   1.133483417841126,
   1.5267533608406885,
   0.08009522676884068
  ],
  [
   0.37867439417136545,
   0.47172523036753355,
   -0.10706453553995166
  ],
  [
   0.5451550409250667,
   0.3701123580086487,
   0.41677832011153415
  ],
  [
   -0.6412555837076057,
   -0.18220261463409895,
   -0.7956046717328864
  ],
  [
   -1.3738811808534617,
   -0.7092198052443526,
   -0.4273344038895689
  ],
  [
   0.4029184300225048,
   -0.355916745066584,
   0.8068645044759549
  ],
  [
   -0.19491056836832082,
   0.06394168002295092,
   -0.026671467816015815
  ],
  [
   -0.7454007162726547,
   0.7531059488162217,
   2.162451694936417
  ],
  [
   -1.3950167549685104,
   0.8272547831620245,
   0.696870840155304
  ],
  [
   0.10627084210740717,
   1.618724280056135,
   0.7881012802295463
  ],
  [
   1.5821015995746224,
   1.8435315992592654,
   0.6010981897219629
  ],
  [
   -0.23094959130297643,
   -0.1820394683363007,
   -0.12198610139917931
  ],
  [
   -0.7300802790065442,
   -0.9263801873370447,
   -0.7097262403606186
  ],
  [
   -0.41667292832024627,
   -2.1536020424398683,
   -0.6014101752280179
  ],
  [
   0.8241965341527696,
   -0.2886024362945472,
   0.6631780693526719
  ],
  [
   -1.5359098959243611,
   -0.9433605783294278,
   1.080395674088292
  ],
  [
   -3.1713541146657827,
   -0.7412393640517918,
   -0.37904254738593657
  ],
  [
   -3.2252792461157034,
   -0.6807906827561119,
   -1.0867564141134736
  ],
  [
   -2.7627204191187062,
   -1.892525175651778,
   -0.20137403357001593
  ],
  [
   -0.1557496451092344,
   -0.9476546285309202,
   -7.495081116018487e-05
  ],
  [
   0.7912400010342706,
   -0.9544250327090678,
   -1.156004179955498
  ],
  [
   -1.5530020957788229,
   -2.507001491274685,
   -2.144328096838929
  ],
  [
   -2.3673463762009073,
   -2.008956769041106,
   -0.4647347973962207
  ],
  [
   -2.2787428655588666,
   -2.7546269425762104,
   -0.842311026989106
  ],
  [
   -2.3777088159080257,
   -1.6463037893644104,
   -0.9023896798320191
  ],
  [
   -0.07659374361806792,
   -1.8257689827086665,
   -1.0141415465266574
  ],
  [
   0.3121565015233187,
   -0.9823201825931138,
   0.9187779769331681
  ],
  [
   0.7759228619550091,
   -1.140062498539656,
   1.4774829867176005
  ],
  [
   -0.3334084474036974,
   -1.0151479025652352,
   0.20058828686156613
  ],
  [
   1.3195391813232649,
   -0.24443353029282278,
   -0.3580870412830365
  ],
  [
   0.20768946889367662,
   -1.247671106772798,
   -0.972107133746374
  ],
  [
   -0.2779603802906418,
   -0.8125552579300919,
   -0.5747686520315054
  ],
  [
   0.3014085159661374,
   -0.7789378139603593,
   0.2561490264457712
  ],
  [
   0.2896408280319248,
   0.6855553901086273,
   -1.0552833236007921
  ],
  [
   -0.998037224109213,
   -0.28390046916929984,
   -0.38755807290130884
  ],
  [
   -1.3839620749415307,
   -0.5482952492496638,
   -0.6240551111960008
  ],
  [
   -1.8127688137021845,
   -1.3287924865792222,
   -0.5166393970815738
  ],
  [
   0.3699582873211179,
   0.591298904591595,
   -0.5503797469583767
  ],
  [
   1.926970256998147,
   0.05662699057455006,
   -0.18246781719956331
  ],
  [
   0.022045891063327883,
   -0.7510811529324912,
   0.08319514498619845
  ],
  [
   -0.7502650901288106,
   -1.3918078895704338,
   -0.7998274459022328
  ],
  [
   -0.384876411761283,
   -1.1723416850017798,
   -1.5170155139012826
  ],
  [
   1.6666145029918444,
   0.18580930773757076,
   0.23028568222254442
  ],
  [
   -1.5241614938720582,
   0.842718060308441,
   -0.6020289656852246
  ],
  [
   -1.1624754079755508,
   1.4905695445551492,
   1.1973000548970012
  ],
  [
   0.19446392612204044,
   -0.028214937952753982,
   -0.9878382585532499
  ],
  [
   -0.5023119639761866,
   0.16986594059335497,
   0.6307230931772536
  ],
  [
   0.14378227748701722,
   -0.8830796180923015,
   -0.40772707783116896
  ],
  [
   2.1441332915399007,
   -0.03619095454775956,
   0.7186129449857166
  ],
  [
   0.9306814346063768,
   0.36434538372336756,
   0.7438439976295055
  ],
  [
   0.3589867759775986,
   1.6187428504798425,
   0.8084973071865518
  ],
  [
   -1.0380261320936603,
   -0.005265047500224829,
   0.6033901595841316
  ],
  [
   1.4013121255873027,
   1.5804832904466162,
   0.8941702548583838
  ],
  [
   0.9750451110171902,
   -0.5770736227477722,
   -1.52621024931782
  ],
  [
   1.386679182208462,
   -0.3523771063876387,
   -0.7023196311753364
  ],
  [
   1.4047039248189197,
   -0.17528549909356472,
   -0.007106736057752437
  ],
  [
   0.14544001184075617,
   0.8948439180396659,
   1.2092790627437855
  ],
  [
   0.5843549767918048,
   1.023377995104944,
   -0.24303683503766133
  ],
  [
   0.2928151120921612,
   -0.2361924179786284,
   -2.0577655124417356
  ],
  [
   0.0631580364038292,
   0.2653540418366611,
   0.8062256566107393
  ],
  [
   0.2853330854273324,
   -0.47387657306583386,
   -0.14263135297568064
  ],
  [
   -0.5377923412616037,
   -0.5929767881985007,
   -0.9797134514991329
  ],
  [
   -0.5056114245179484,
   -1.4315794396210004,
   -1.1390536638407736
  ],
  [
   -1.6738440729885773,
   -1.5760937817793506,
   -1.8402400997471922
  ],
  [
   -1.5950061096220667,
   -1.7200141399368334,
   -1.2241080476606
  ],
  [
   -1.1127226133759556,
   0.024088268425998205,
   -0.08953477493135109
  ],
  [
   -0.04486701144118538,
   -0.8601901688760283,
   0.5221739252388423
  ],
  [
   -0.6827668335597186,
   0.7794244378585669,
   -0.2768147279479779
  ],
  [
   0.34003959170503406,
   2.083761944770335,
   0.9576170030808089
  ],
  [
   -1.5207742786508043,
   -0.5388596254619544,
   -1.3193212475018188
  ],
  [
   -2.9531385460201873,
   0.3207274908776342,
   -0.6856804446052319
  ],
  [
   -1.8053017869210284,
   -0.10595224963406133,
   -0.2348016105522244
  ],
  [
   -0.8203869730777389,
   -0.17203925676469112,
   -0.5714091279875433
  ],
  [
   -0.8423797718418617,
   0.5447130086218225,
   -1.380714197260761
  ],
  [
   -1.8846634338392498,
   -0.4465251477329277,
   -0.745771136104395
  ],
  [
   -1.304411557959192,
   -1.7246609111730071,
   -1.143426712295745
  ],
  [
   0.14774767697757174,
   -1.2000261803573076,
   -1.2578226511083894
  ],
  [
   0.7520291888758177,
   -0.666343663529956,
   -0.21581306340812567
  ],
  [
   -0.2759914753615218,
   0.8865238352079928,
   -0.39023407545438155
  ],
  [
   -0.07994016435031638,
   -0.2238805005082164,
   -0.5969403319546523
  ],
  [
   -0.15929972191263292,
   -1.3581965512680665,
   -0.309260977217754
  ],
  [
   -0.04554259452956033,
   -0.48094407465501765,
   -0.1079177369829937
  ],
  [
   1.0930314755613493,
   0.8285687206074177,
   0.3138181870878787
  ],
  [
   0.87863446921014,
   0.04998012824065656,
   -0.22914996444165162
  ],
  [
   3.0618486409791785,
   1.1684859609846436,
   2.161688454560725
  ],
  [
   0.6843243556830874,
   0.1259504728361447,
   0.05324458472365745
  ],
  [
   0.1686023619291003,
   0.05402914854960561,
   0.8637311930419797
  ],
  [
   1.1379739034850997,
   1.7219106589546025,
   1.2391646105975391
  ],
  [
   0.46693150963410884,
   0.30504579266016874,
   1.0645583140897827
  ],
  [
   0.16883047411788343,
   0.3747481762925699,
   0.862354722095821
  ],
  [
   0.3758207333106899,
   0.6321521461520094,
   -0.30018723658376667
  ],
  [
   1.186030519419468,
   1.4063153155116312,
   1.0883439023016817
  ],
  [
   2.2668545819653287,
   1.8609928712525632,
   0.7638909324013075
  ],
  [
   1.2586154968769823,
   0.37371063051937203,
   -0.42434315353674246
  ],
  [
   -0.18534454501449826,
   -1.6825351155510322,
   -0.7124143928134247
  ],
  [
   -1.4788423511327173,
   -1.1035174538589607,
   -1.667865271941965
  ],
  [
   -0.49012376281050996,
   -0.4365512515743769,
   -0.5121616852329458
  ],
  [
   -0.7295324480295026,
   -1.1006806183391549,
   -0.9183955026515725
  ],
  [
   0.004972034272084924,
   0.1345342680266265,
   0.9121578713866014
  ],
  [
   -1.251150355761484,
   0.3813543578263315,
   0.4625516841679904
  ],
  [
   -2.2576714778022575,
   -0.9763046395159072,
   -0.34474382256705965
  ],
  [
   -3.6049892444883254,
   -1.9621744262796292,
   -1.8364068531889604
  ],
  [
   -1.378030199857721,
   -0.6073610153442697,
   0.3285229248600783
  ],
  [
   -0.02858717387533133,
   0.7385583069203459,
   1.3212128936891556
  ],
  [
   1.1487530723694621,
   0.9221032710100598,
   0.75836036010551
  ],
  [
   0.4775408327964322,
   0.0030382015008863505,
   -0.22355460315341869
  ],
  [
   -1.4684798474156253,
   0.9235400691009895,
   0.753338646163612
  ],
  [
   -0.6461862058321245,
   1.0144262430544222,
   0.5521566380134862
  ],
  [
   1.560001284682463,
   -0.46651006127127803,
   0.8883809820507624
  ],
  [
   0.6914963139816344,
   -0.3457384778615861,
   1.4509201970028542
  ],
  [
   0.3701229452259628,
   -1.0586378709052906,
   0.895489710145748
  ],
  [
   -0.6688418254943792,
   -0.09768544941431828,
   1.8584708731489854
  ],
  [
   -0.6178627526484779,
   -0.7607697732914425,
   0.06382598616738744
  ],
  [
   -0.09373872657211516,
   -0.21284570222089644,
   1.0215713240619437
  ],
  [
   -0.5270858453815942,
   -0.061617989235080314,
   0.9664067967138866
  ],
  [
   -0.2604228018444452,
   -0.5387690089781775,
   0.018114543168744668
  ],
  [
   -0.837943739815396,
   1.0920369820182922,
   0.1969477975403115
  ],
  [
   -1.2289526005920035,
   -0.5800378052906388,
   0.15959777364409003
  ],
  [
   0.027852001129664905,
   -0.7485369960752837,
   -0.22617792419493632
  ],
  [
   -0.05629269417495451,
   0.317165490881421,
   -0.8289136732446006
  ],
  [
   1.065781150565828,
   -0.13444375328045086,
   -0.29195041891279827
  ],
  [
   1.9469675469957926,
   -0.2285039902209507,
   0.28541513141099717
  ],
  [
   0.20277569569356246,
   0.5648565410861294,
   -0.3899347306385199
  ],
  [
   1.1875449257554895,
   0.37100966312321215,
   -1.8157685016924943
  ],
  [
   1.2015117687343086,
   -0.6547045137404146,
   0.6230525835101379
  ],
  [
   -0.4436738163458838,
   0.14321851616619202,
   1.6410038951043213
  ],
  [
   -0.37775627941400186,
   1.1857249084220378,
   0.8410141921941778
  ],
  [
   1.9162776480114039,
   1.288755474491848,
   1.6138634711024762
  ],
  [
   1.623692956009351,
   0.9974105229105721,
   1.7086967088309795
  ],
  [
   1.2033470499280408,
   0.1837364054222821,
   -0.8380608270713377
  ],
  [
   0.2171853687753466,
   -0.2249409504332459,
   -0.5138819921646942
  ],
  [
   -0.1839050017036083,
   -0.6107118023071186,
   0.8079774471679764
  ],
  [
   2.9925089100649678,
   -0.8925516241704773,
   0.9005921676672904
  ],
  [
   -0.25010911036948724,
   -0.3104766805392694,
   -0.7210239346208047
  ],
  [
   0.4424614840402629,
   0.21165580773385922,
   0.38270047478370106
  ],
  [
   2.1398500987320324,
   0.4389329948529824,
   0.4911562946478348
  ],
  [
   -1.5839020667366683,
   -2.0978408834924913,
   -0.2391363872531428
  ],
  [
   -1.9448373154445373,
   -1.9534193598618814,
   -1.2903429832923918
  ],
  [
   -2.3637345445610025,
   -1.4593035953083455,
   -0.42411031163869994
  ],
  [
   -3.6675131321333456,
   -3.1093719308124705,
   -1.7513616653758475
  ],
  [
   -1.836511605425814,
   -2.629510741322643,
   -2.1975957734538882
  ],
  [
   -1.2146470526852609,
   -1.6298383553482068,
   -0.5518105755811489
  ],
  [
   -1.010370491795804,
   -2.352513128885375,
   -0.6283830592402638
  ],
  [
   -0.17363458322835967,
   0.010973226081540388,
   -0.48273301487038905
  ],
  [
   1.6119238013998431,
   2.3864542418873427,
   0.2650918328860953
  ],
  [
   -0.7605520694332906,
   0.396530923596198,
   -0.507367618720628
  ],
  [
   -0.5465432159826853,
   0.3241747559609066,
   0.12382598606313762
  ],
  [
   -0.8014155435977266,
   -0.35301364747600955,
   -0.2223243171387947
  ],
  [
   0.8479848670903487,
   -0.6181696850638185,
   -0.6125061691969036
  ],
  [
   0.6384116431812336,
   -0.5073887368363006,
   -0.23912613877345018
  ],
  [
   -0.6098057002737867,
   -0.4193915254599354,
   0.39962803745770825
  ],
  [
   0.11816616218659376,
   -1.1658342648629179,
   0.2630781265269143
  ],
  [
   -0.11104154968596201,
   -0.24110082695081178,
   -0.35835814805538974
  ],
  [
   -0.5753622361439203,
   0.9015526481748807,
   1.1776461556694842
  ],
  [
   -0.5958506708650313,
   -0.7489444360407425,
   0.10458277388680032
  ],
  [
   0.5917616765802747,
   -0.349640934717294,
   1.4344966693179333
  ],
  [
   -1.276124499783212,
   -1.2464705707212562,
   -0.46523308882981235
  ],
  [
   -0.5720584922599989,
   0.10258634811263301,
   0.4804825920401307
  ],
  [
   0.6451318634990921,
   0.4331551180909534,
   0.2793651230403972
  ],
  [
   0.9406419425235961,
   -0.5469083267888749,
   -0.0015858470158182508
  ],
  [
   1.2310460478946634,
   0.4500919886474975,
   0.20227143712493612
  ],
  [
   1.2291244476764396,
   1.0631872917900271,
   0.6125697605917264
  ],
  [
   1.6234286855884514,
   0.08358859689056053,
   0.3628247842833346
  ],
  [
   1.3001173217704212,
   -0.6109516696625248,
   -0.21366269677524105
  ],
  [
   0.6245892332636527,
   -0.29929581218347784,
   -0.23096246570058587
  ],
  [
   1.181618588732622,
   0.6030243544369348,
   0.7532226051290667
  ],
  [
   0.7086927426987635,
   0.8229337130880278,
   1.6005560258076774
  ],
  [
   -0.1705607376259124,
   0.11333563589066648,
   0.47180096593129
  ],
  [
   -0.6563311494639112,
   0.05563962246958772,
   1.4204025825478475
  ],
  [
   -1.2844386014227491,
   0.8921242316629384,
   0.4110752497741114
  ],
  [
   -0.6204149897396762,
   -1.137824223287101,
   -0.18195885255554237
  ],
  [
   -0.6615701735952424,
   -0.2961194273876087,
   0.3663813999324387
  ],
  [
   -0.8600171077309064,
   -0.6926815202468699,
   0.7159236997614097
  ],
  [
   0.22027266724718408,
   -0.2054173137343908,
   0.34863591971394886
  ],
  [
   1.7916707728703467,
   -1.0863490197594539,
   -0.3700432475588619
  ],
  [
   -0.5591542478048366,
   -0.5084757149571495,
   0.5336562821592752
  ],
  [
   -0.8523325322161786,
   -0.5826414205152701,
   -1.1791727002468169
  ],
  [
   -0.2651992721377096,
   0.2072941128698031,
   -1.0090420426437823
  ],
  [
   0.6156994175199286,
   -0.12434172720394111,
   -0.5242998277446242
  ],
  [
   -0.07599415670825471,
   0.5578531549886749,
   0.9249019413945586
  ],
  [
   0.9178464961184527,
   0.7708151975386073,
   -0.23256919385162722
  ],
  [
   0.715336959853167,
   -2.3486118028562304,
   -1.1558097422305382
  ],
  [
   -0.22552063779784354,
   -3.6058620325946666,
   -1.6969913917007202
  ],
  [
   -1.6520252169366525,
   -1.4101329564298437,
   -0.7569138835000714
  ],
  [
   -2.124634631052138,
   -0.054138759049976226,
   -0.06639738946121782
  ],
  [
   -1.2919727092849187,
   0.9104474412900021,
   1.2665720632264117
  ],
  [
   -0.19949076884969802,
   0.4173068760231674,
   -1.174666540632591
  ],
  [
   -0.6086340159935183,
   -0.5976874944143962,
   -1.0937422180920966
  ],
  [
   -0.9077392198006817,
   0.1195482059233488,
   1.3971817091721357
  ],
  [
   0.298561046886184,
   1.27111919082654,
   2.169311095324119
  ],
  [
   1.5336348424412676,
   2.7803874423703183,
   1.2623393346599632
  ],
  [
   1.8418432456025142,
   2.9344452593668073,
   -0.22369489084909033
  ],
  [
   0.7281393831005472,
   1.549025326201382,
   -0.04922815345394717
  ],
  [
   -0.5415922805587094,
   0.7067621997644068,
   -0.13667179064338272
  ],
  [
   -1.4698665853213568,
   -0.8459867193130741,
   -0.8868047095816476
  ],
  [
   0.7057593909131384,
   0.057597330224474996,
   0.2857745713062275
  ],
  [
   0.2479712743462871,
   -1.3466786723258097,
   -1.054280136229568
  ]
 ],
 "reg_coefs": [
  [
   -0.05705281621247439,
   -0.12215644336147015,
   -0.006745422748403239
  ],
  [
   0.5075120244970732,
   -0.0020708043287741397,
   0.004622767041373783
  ],
  [
   0.1261711365030689,
   0.4712854640703632,
   0.02530215846851154
  ],
  [
   0.04365101423303182,
   0.14748677259247625,
   0.3168800361220375
  ],
  [
   -0.1412810028060441,
   0.03728182559820579,
   0.07391016203412211
  ],
  [
   -0.010867088632701355,
   -0.1037884077560989,
   -0.03565014743362149
  ],
  [
   0.08256274592317103,
   0.11677222526104723,
   -0.00489754257158132
  ]
 ],
 "sigma": [
  [
   1.0604449230046697,
   0.34720760998115086,
   0.2872519010050408
  ],
  [
   0.34720760998115086,
   0.8084845478525149,
   0.38909408879483465
  ],
  [
   0.2872519010050408,
   0.38909408879483465,
   0.7358259763870733
  ]
 ],
 "chol": [
  [
   1.02977906514197,
   0.0,
   0.0
  ],
  [
   0.3371670892661653,
   0.8335483799806084,
   0.0
  ],
  [
   0.2789451744830712,
   0.35396020595277117,
   0.729882003218023
  ]
 ],
 "theta_chol": [
  [
   [
    1.02977906514197,
    0.0,
    0.0
   ],
   [
    0.3371670892661653,
    0.8335483799806084,
    0.0
   ],
   [
    0.2789451744830712,
    0.35396020595277117,
    0.729882003218023
   ]
  ],
  [
   [
    0.5773422527606445,
    0.12062046842041659,
    0.0318600897109037
   ],
   [
    0.19791020070303464,
    0.4450436834864029,
    0.10764794102795758
   ],
   [
    0.10168364081147796,
    0.1332534960495184,
    0.23128503554455224
   ]
  ],
  [
   [
    0.19629552045916324,
    0.14335033814157924,
    0.10010833045557911
   ],
   [
    0.14304468687395683,
    0.18396602734143783,
    0.17000836296705316
   ],
   [
    0.1026229250264569,
    0.022593880955806778,
    0.07258598927020228
   ]
  ],
  [
   [
    0.046827122938695565,
    0.0860735335358469,
    0.08884926436523544
   ],
   [
    0.09500132960729948,
    0.06360284588432367,
    0.10764350094635959
   ],
   [
    0.07216385564434014,
    0.004873553373737232,
    0.025149798049890076
   ]
  ],
  [
   [
    0.01808730239703865,
    0.031534490361150934,
    0.04977338440231252
   ],
   [
    0.05977437245819209,
    0.01940479895464818,
    0.048819441911395665
   ],
   [
    0.034393564163209586,
    0.007477495177042214,
    0.012086518032181246
   ]
  ],
  [
   [
    0.016532513244864867,
    0.006329499883210946,
    0.020301736076939553
   ],
   [
    0.03351843127877702,
    0.00735956558731971,
    0.019764537026667785
   ],
   [
    0.012215431166037712,
    0.007076618385098754,
    0.007901488927388515
   ]
  ],
  [
   [
    0.012787385270082979,
    0.00040102806705608366,
    0.006577334535683327
   ],
   [
    0.016050782092089697,
    0.0045338906687504635,
    0.008638183281844897
   ],
   [
    0.0038327672016720687,
    0.004060225785335001,
    0.004976904108841806
   ]
  ],
  [
   [
    0.0069907631064672765,
    0.0005628555816214523,
    0.002214548695502787
   ],
   [
    0.0066672633212346505,
    0.003033246107121406,
    0.004419687769049783
   ],
   [
    0.001646918066283926,
    0.0015739622969551332,
    0.002583249787036486
   ]
  ],
  [
   [
    0.0027964060703108942,
    0.0009663646856738215,
    0.0011820911409138998
   ],
   [
    0.0026290191222105414,
    0.0016790052198415674,
    0.002389179796180693
   ],
   [
    0.0010770221074813899,
    0.0004262279034155832,
    0.0010944500228441314
   ]
  ],
  [
   [
    0.0008737874582922226,
    0.0007383562690081182,
    0.0008015222484286665
   ],
   [
    0.0011530322560633162,
    0.000742116159631861,
    0.0012104566191250502
   ],
   [
    0.0006916674588048201,
    0.0001077693773540336,
    0.00040618885708628674
   ]
  ],
  [
   [
    0.00028440208312812147,
    0.00035347824247516143,
    0.00047462777064479823
   ],
   [
    0.0006007693831486706,
    0.00027565226702263445,
    0.0005526210108070344
   ],
   [
    0.00036007227489142827,
    6.582027145786667e-05,
    0.0001598793757406242
   ]
  ]
 ],
 "fevd_chol": [
  [
   [
    1.0,
    0.0,
    0.0
   ],
   [
    0.14061078394902884,
    0.8593892160509712,
    0.0
   ],
   [
    0.1057456693081731,
    0.1702682854624065,
    0.7239860452294203
   ]
  ],
  [
   [
    0.9889562234656585,
    0.010323531528182623,
    0.000720245006158987
   ],
   [
    0.14456575932105628,
    0.8444742246922576,
    0.010960015986685974
   ],
   [
    0.10783995232342586,
    0.1749960013201974,
    0.7171640463563766
   ]
  ],
  [
   [
    0.9687944889706774,
    0.023740364773844738,
    0.007465146255477855
   ],
   [
    0.15195956900104873,
    0.8125380563238288,
    0.035502374675122524
   ],
   [
    0.11836202786567582,
    0.17218474108110937,
    0.7094532310532148
   ]
  ],
  [
   [
    0.9589298120425568,
    0.028415243755609557,
    0.012654944201833709
   ],
   [
    0.15648961693711935,
    0.7988147496235495,
    0.04469563343933109
   ],
   [
    0.12373794238004905,
    0.17101045255013214,
    0.7052516050698189
   ]
  ],
  [
   [
    0.9567188889094934,
    0.02900633352722368,
    0.014274777563282843
   ],
   [
    0.15869357834707012,
    0.794817975401223,
    0.04648844625170682
   ],
   [
    0.12494077445665085,
    0.17079531891335312,
    0.704263906629996
   ]
  ],
  [
   [
    0.956438427200354,
    0.029019007743340198,
    0.014542565056305905
   ],
   [
    0.15943914935753686,
    0.7938015516256688,
    0.046759299016794306
   ],
   [
    0.1250792803662342,
    0.17080171007059516,
    0.7041190095631706
   ]
  ],
  [
   [
    0.9564154989745972,
    0.029015113231119622,
    0.014569387794283193
   ],
   [
    0.15961076425006315,
    0.7935804052754685,
    0.04680883047446839
   ],
   [
    0.12508842407673434,
    0.17080994729736837,
    0.7041016286258973
   ]
  ],
  [
   [
    0.9564135909084568,
    0.029014278514816163,
    0.01457213057672702
   ],
   [
    0.15963869018600418,
    0.7935387529752712,
    0.04682255683872456
   ],
   [
    0.12508988422781095,
    0.1708104834415056,
    0.7040996323306834
   ]
  ],
  [
   [
    0.9564123323517906,
    0.029014704530992565,
    0.014572963117216895
   ],
   [
    0.1596424797321311,
    0.7935307152562799,
    0.046826805011588965
   ],
   [
    0.12509088542659927,
    0.1708101837914683,
    0.7040989307819324
   ]
  ],
  [
   [
    0.9564115976668185,
    0.02901503007867457,
    0.01457337225450695
   ],
   [
    0.15964315753368497,
    0.7935289223877936,
    0.04682792007852144
   ],
   [
    0.12509135667954552,
    0.17081006461058432,
    0.7040985787098702
   ]
  ],
  [
   [
    0.956411376822761,
    0.029015105001148272,
    0.014573518176090698
   ],
   [
    0.1596433641101246,
    0.7935284851972181,
    0.04682815069265727
   ],
   [
    0.1250914870650352,
    0.17081003736760406,
    0.7040984755673607
   ]
  ]
 ],
 "fevd_statsmodels": [
  [
   [
    1.0,
    0.0,
    0.0
   ],
   [
    0.14061078394902887,
    0.8593892160509713,
    0.0
   ],
   [
    0.10574566930817311,
    0.17026828546240652,
    0.7239860452294204
   ]
  ],
  [
   [
    0.9889562234656583,
    0.010323531528182621,
    0.0007202450061589868
   ],
   [
    0.1445657593210563,
    0.8444742246922579,
    0.010960015986685978
   ],
   [
    0.10783995232342587,
    0.17499600132019744,
    0.7171640463563768
   ]
  ],
  [
   [
    0.9687944889706772,
    0.023740364773844735,
    0.007465146255477854
   ],
   [
    0.15195956900104873,
    0.8125380563238288,
    0.035502374675122524
   ],
   [
    0.11836202786567583,
    0.1721847410811094,
    0.7094532310532149
   ]
  ],
  [
   [
    0.9589298120425566,
    0.02841524375560955,
    0.012654944201833706
   ],
   [
    0.15648961693711938,
    0.7988147496235496,
    0.0446956334393311
   ],
   [
    0.12373794238004907,
    0.17101045255013217,
    0.7052516050698189
   ]
  ],
  [
   [
    0.9567188889094933,
    0.029006333527223677,
    0.014274777563282841
   ],
   [
    0.15869357834707015,
    0.7948179754012232,
    0.04648844625170683
   ],
   [
    0.12494077445665087,
    0.17079531891335314,
    0.7042639066299962
   ]
  ],
  [
   [
    0.9564384272003538,
    0.029019007743340194,
    0.014542565056305901
   ],
   [
    0.1594391493575369,
    0.793801551625669,
    0.04675929901679431
   ],
   [
    0.1250792803662342,
    0.1708017100705952,
    0.7041190095631708
   ]
  ],
  [
   [
    0.956415498974597,
    0.029015113231119615,
    0.01456938779428319
   ],
   [
    0.1596107642500632,
    0.7935804052754687,
    0.0468088304744684
   ],
   [
    0.12508842407673434,
    0.17080994729736837,
    0.7041016286258973
   ]
  ],
  [
   [
    0.9564135909084566,
    0.029014278514816156,
    0.014572130576727016
   ],
   [
    0.15963869018600424,
    0.7935387529752715,
    0.046822556838724584
   ],
   [
    0.12508988422781098,
    0.17081048344150562,
    0.7040996323306835
   ]
  ],
  [
   [
    0.9564123323517902,
    0.029014704530992554,
    0.01457296311721689
   ],
   [
    0.15964247973213117,
    0.7935307152562803,
    0.04682680501158898
   ],
   [
    0.1250908854265993,
    0.17081018379146834,
    0.7040989307819325
   ]
  ],
  [
   [
    0.9564115976668183,
    0.029015030078674564,
    0.014573372254506944
   ],
   [
    0.15964315753368502,
    0.7935289223877938,
    0.046827920078521455
   ],
   [
    0.12509135667954552,
    0.17081006461058432,
    0.7040985787098702
   ]
  ],
  [
   [
    0.9564113768227608,
    0.029015105001148265,
    0.014573518176090695
   ],
   [
    0.15964336411012464,
    0.7935284851972183,
    0.04682815069265728
   ],
   [
    0.1250914870650352,
    0.17081003736760408,
    0.7040984755673607
   ]
  ]
 ],
 "mse_diag_chol": [
  [
   1.0604449230046697,
   0.808484547852515,
   0.7358259763870734
  ],
  [
   1.4093333625457531,
   1.0573049548135347,
   0.8174148010720148
  ],
  [
   1.4784362911699955,
   1.1405130799509309,
   0.8337254751079797
  ],
  [
   1.4959319155663011,
   1.1651707778786597,
   0.8395893610338737
  ],
  [
   1.4997308799515012,
   1.1715036376124408,
   0.8409742751419874
  ],
  [
   1.500456427002202,
   1.1730719229773434,
   0.8412360039555976
  ],
  [
   1.5006633663773525,
   1.173424724958118,
   0.8412919490679562
  ],
  [
   1.5007174581784937,
   1.173497911580235,
   0.8413038119438478
  ],
  [
   1.5007276092655748,
   1.1735133505604067,
   0.841306351411546
  ],
  [
   1.5007295603779918,
   1.1735166959854115,
   0.8413070064190458
  ],
  [
   1.5007299914809253,
   1.173517438283417,
   0.8413071659648119
  ]
 ],
 "q_rot": [
  [
   -0.21654197264072472,
   0.024295111220045018,
   0.975970963531021
  ],
  [
   -0.9647561826961771,
   0.14777727308410507,
   -0.217732371294041
  ],
  [
   -0.14951615977667362,
   -0.9887222183862522,
   -0.00856112346626927
  ]
 ],
 "impact_general": [
  [
   -0.22299039014996355,
   0.025018596919698145,
   1.0050344664306825
  ],
  [
   -0.877181779781901,
   0.13137101851066807,
   0.14757482362056493
  ],
  [
   -0.5110177896737881,
   -0.6625662753275755,
   0.18892518578139034
  ]
 ],
 "theta_general": [
  [
   [
    -0.22299039014996355,
    0.025018596919698145,
    1.0050344664306825
   ],
   [
    -0.877181779781901,
    0.13137101851066807,
    0.14757482362056493
   ],
   [
    -0.5110177896737881,
    -0.6625662753275755,
    0.18892518578139034
   ]
  ],
  [
   [
    -0.24615177123365037,
    0.00035077956719806153,
    0.5369335359365397
   ],
   [
    -0.4883096172297106,
    -0.035858318771286826,
    0.09533260542379932
   ],
   [
    -0.18515676067469472,
    -0.2065143997852575,
    0.06824662147484024
   ]
  ],
  [
   [
    -0.19577215736581355,
    -0.07302638699918523,
    0.15950967941295183
   ],
   [
    -0.23387653851592013,
    -0.13742976133932708,
    0.09809663892011393
   ],
   [
    -0.05487253533587765,
    -0.06593528284171496,
    0.09461615812513628
   ]
  ],
  [
   [
    -0.10646441202632237,
    -0.07398985953463111,
    0.026200268209329202
   ],
   [
    -0.0980274570070461,
    -0.09472239805651184,
    0.0779485914361777
   ],
   [
    -0.024088595627177155,
    -0.022392734793106307,
    0.06915338686637143
   ]
  ],
  [
   [
    -0.04178167997981938,
    -0.04411253702577159,
    0.010360486495030005
   ],
   [
    -0.03896385576796373,
    -0.043949053605770526,
    0.05369504972184636
   ],
   [
    -0.01646873969442232,
    -0.010009609607981904,
    0.0318355530262457
   ]
  ],
  [
   [
    -0.012721844791477992,
    -0.018735762050325948,
    0.014583310193368964
   ],
   [
    -0.017313451307244897,
    -0.017639726344967143,
    0.03094139336243621
   ],
   [
    -0.010653765181897291,
    -0.006469839034455554,
    0.010313451601059398
   ]
  ],
  [
   [
    -0.00413931773976963,
    -0.00613322301165936,
    0.012336490558050741
   ],
   [
    -0.009141315062741549,
    -0.0074808022016672835,
    0.014603969943748137
   ],
   [
    -0.005491210489997898,
    -0.004227649071081985,
    0.002814019020020207
   ]
  ],
  [
   [
    -0.0023879228522627927,
    -0.0019365548687651005,
    0.006681270899549192
   ],
   [
    -0.005030900029820045,
    -0.003759616753363386,
    0.005808782047445258
   ],
   [
    -0.0022613543320705153,
    -0.0022815085463126343,
    0.0012425261483932793
   ]
  ],
  [
   [
    -0.0017145873199081584,
    -0.000958014040630859,
    0.0025086822241129907
   ],
   [
    -0.0025463446415959165,
    -0.0020502440233474933,
    0.002179818474695905
   ],
   [
    -0.000808064461272651,
    -0.000992953885332516,
    0.0009489689700872306
   ]
  ],
  [
   [
    -0.001021385964006006,
    -0.0006621418160718643,
    0.0006851651953500644
   ],
   [
    -0.00114662385779775,
    -0.0010591244044382399,
    0.000953380422153297
   ],
   [
    -0.0003144780071042319,
    -0.0003688779453158298,
    0.0006481050411724785
   ]
  ],
  [
   [
    -0.00047356982957035926,
    -0.0004101293912912945,
    0.00019654117222080505
   ],
   [
    -0.00047865478756124003,
    -0.0004910577724107327,
    0.0005215839952765551
   ],
   [
    -0.00016537582482217076,
    -0.00013960155486103813,
    0.0003357201342074296
   ]
  ]
 ],
 "fevd_general": [
  [
   [
    0.04689042591513637,
    0.0005902524291943572,
    0.9525193216556693
   ],
   [
    0.951716240990802,
    0.021346535997962685,
    0.0269372230112352
   ],
   [
    0.3548925829518615,
    0.5966003964102083,
    0.04850702063793013
   ]
  ],
  [
   [
    0.07827488620678627,
    0.00044421941236402724,
    0.9212808943808497
   ],
   [
    0.9532672219796055,
    0.017539086944791584,
    0.029193691075602955
   ],
   [
    0.3614103965320823,
    0.5892262605086946,
    0.04936334295922309
   ]
  ],
  [
   [
    0.10054010921412763,
    0.004030546647075432,
    0.8954293441387969
   ],
   [
    0.9316792687500575,
    0.03281952963926407,
    0.0355012016106785
   ],
   [
    0.35795140178745966,
    0.5829133720312383,
    0.0591352261813019
   ]
  ],
  [
   [
    0.10694124214062958,
    0.007642998742971576,
    0.8854157591163988
   ],
   [
    0.9202099769511092,
    0.039825437099853735,
    0.03996458594903704
   ],
   [
    0.3561425106577106,
    0.5794394083507513,
    0.0644180809915381
   ]
  ],
  [
   [
    0.10783436425316358,
    0.008921148355314946,
    0.8832444873915214
   ],
   [
    0.9165314747979846,
    0.04125890290562407,
    0.0422096222963913
   ],
   [
    0.35587852232067285,
    0.5786043274836233,
    0.06551715019570377
   ]
  ],
  [
   [
    0.10789008491818643,
    0.009150782525643216,
    0.8829591325561703
   ],
   [
    0.915561690013312,
    0.0414689959162052,
    0.04296931407048274
   ],
   [
    0.35590272367322906,
    0.5784740684284534,
    0.06562320789831759
   ]
  ],
  [
   [
    0.10788662461154908,
    0.009174587176368444,
    0.8829387882120825
   ],
   [
    0.9153576306206738,
    0.0415042193581537,
    0.04313815002117262
   ],
   [
    0.35591489825161665,
    0.5784568451802069,
    0.06562825656817652
   ]
  ],
  [
   [
    0.10788653558326784,
    0.009176755455811657,
    0.8829367089609206
   ],
   [
    0.9153221111898399,
    0.04151367584239985,
    0.04316421296776033
   ],
   [
    0.3559159579747947,
    0.5784548757602512,
    0.06562916626495423
   ]
  ],
  [
   [
    0.10788776474973923,
    0.009177304947173849,
    0.882934930303087
   ],
   [
    0.9153155942048494,
    0.041516711659363825,
    0.043167694135786694
   ],
   [
    0.3559156597850751,
    0.5784543016411414,
    0.06563003857378343
   ]
  ],
  [
   [
    0.10788831963194585,
    0.009177585161439001,
    0.8829340952066151
   ],
   [
    0.9153141051988466,
    0.04151754918767692,
    0.043168345613476454
   ],
   [
    0.3559155002345085,
    0.5784540130176479,
    0.0656304867478436
   ]
  ],
  [
   [
    0.10788843807924377,
    0.009177694607931473,
    0.8829338673128247
   ],
   [
    0.9153137214589767,
    0.041517728408994835,
    0.04316855013202849
   ],
   [
    0.35591546524651735,
    0.5784539264840992,
    0.06563060826938336
   ]
  ]
 ],
 "mse_diag_general": [
  [
   1.06044492300467,
   0.8084845478525148,
   0.7358259763870734
  ],
  [
   1.4093333625457534,
   1.0573049548135343,
   0.8174148010720148
  ],
  [
   1.4784362911699958,
   1.1405130799509304,
   0.8337254751079798
  ],
  [
   1.4959319155663016,
   1.1651707778786593,
   0.8395893610338738
  ],
  [
   1.4997308799515014,
   1.1715036376124404,
   0.8409742751419875
  ],
  [
   1.5004564270022023,
   1.173071922977343,
   0.8412360039555976
  ],
  [
   1.5006633663773525,
   1.1734247249581176,
   0.8412919490679563
  ],
  [
   1.5007174581784937,
   1.1734979115802344,
   0.8413038119438478
  ],
  [
   1.5007276092655748,
   1.1735133505604063,
   0.8413063514115461
  ],
  [
   1.5007295603779918,
   1.1735166959854109,
   0.841307006419046
  ],
  [
   1.5007299914809253,
   1.1735174382834166,
   0.841307165964812
  ]
 ]
}